9.0409,45.4367,9.0509,45.4467
9.0409,45.4467,9.0509,45.4567
9.0409,45.4567,9.0509,45.4667
9.0509,45.4267,9.0609,45.4367
9.0509,45.4367,9.0609,45.4467
9.0509,45.4467,9.0609,45.4567
9.0509,45.4567,9.0609,45.4667
9.0509,45.4867,9.0609,45.4967
9.0509,45.4967,9.0609,45.5067
9.0609,45.4267,9.0709,45.4367
9.0609,45.4367,9.0709,45.4467
9.0609,45.4467,9.0709,45.4567
9.0609,45.4567,9.0709,45.4667
9.0609,45.4767,9.0709,45.4867
9.0609,45.4867,9.0709,45.4967
9.0609,45.4967,9.0709,45.5067
9.0709,45.4267,9.0809,45.4367
9.0709,45.4367,9.0809,45.4467
9.0709,45.4467,9.0809,45.4567
9.0709,45.4567,9.0809,45.4667
9.0709,45.4667,9.0809,45.4767
9.0709,45.4767,9.0809,45.4867
9.0709,45.4867,9.0809,45.4967
9.0709,45.4967,9.0809,45.5067
9.0809,45.4467,9.0909,45.4567
9.0809,45.4567,9.0909,45.4667
9.0809,45.4667,9.0909,45.4767
9.0809,45.4767,9.0909,45.4867
9.0809,45.4867,9.0909,45.4967
9.0809,45.4967,9.0909,45.5067
9.0909,45.4467,9.1009,45.4567
9.0909,45.4567,9.1009,45.4667
9.0909,45.4667,9.1009,45.4767
9.0909,45.4767,9.1009,45.4867
9.0909,45.4867,9.1009,45.4967
9.0909,45.4967,9.1009,45.5067
9.0909,45.5067,9.1009,45.5167
9.0909,45.5167,9.1009,45.5267
9.0909,45.5267,9.1009,45.5367
9.1009,45.4467,9.1109,45.4567
9.1009,45.4567,9.1109,45.4667
9.1009,45.4667,9.1109,45.4767
9.1009,45.4767,9.1109,45.4867
9.1009,45.4867,9.1109,45.4967
9.1009,45.4967,9.1109,45.5067
9.1009,45.5067,9.1109,45.5167
9.1009,45.5167,9.1109,45.5267
9.1009,45.5267,9.1109,45.5367
9.1109,45.4367,9.1209,45.4467
9.1109,45.4467,9.1209,45.4567
9.1109,45.4567,9.1209,45.4667
9.1109,45.4667,9.1209,45.4767
9.1109,45.4767,9.1209,45.4867
9.1109,45.4867,9.1209,45.4967
9.1109,45.4967,9.1209,45.5067
9.1109,45.5067,9.1209,45.5167
9.1109,45.5167,9.1209,45.5267
9.1209,45.4067,9.1309,45.4167
9.1209,45.4167,9.1309,45.4267
9.1209,45.4267,9.1309,45.4367
9.1209,45.4367,9.1309,45.4467
9.1209,45.4467,9.1309,45.4567
9.1209,45.4567,9.1309,45.4667
9.1209,45.4667,9.1309,45.4767
9.1209,45.4767,9.1309,45.4867
9.1209,45.4867,9.1309,45.4967
9.1209,45.4967,9.1309,45.5067
9.1209,45.5067,9.1309,45.5167
9.1209,45.5167,9.1309,45.5267
9.1309,45.4067,9.1409,45.4167
9.1309,45.4167,9.1409,45.4267
9.1309,45.4267,9.1409,45.4367
9.1309,45.4367,9.1409,45.4467
9.1309,45.4467,9.1409,45.4567
9.1309,45.4567,9.1409,45.4667
9.1309,45.4667,9.1409,45.4767
9.1309,45.4767,9.1409,45.4867
9.1309,45.4867,9.1409,45.4967
9.1309,45.4967,9.1409,45.5067
9.1309,45.5067,9.1409,45.5167
9.1309,45.5167,9.1409,45.5267
9.1409,45.4067,9.1509,45.4167
9.1409,45.4167,9.1509,45.4267
9.1409,45.4267,9.1509,45.4367
9.1409,45.4367,9.1509,45.4467
9.1409,45.4467,9.1509,45.4567
9.1409,45.4567,9.1509,45.4667
9.1409,45.4667,9.1509,45.4767
9.1409,45.4767,9.1509,45.4867
9.1409,45.4867,9.1509,45.4967
9.1409,45.4967,9.1509,45.5067
9.1409,45.5067,9.1509,45.5167
9.1409,45.5167,9.1509,45.5267
9.1509,45.3967,9.1609,45.4067
9.1509,45.4067,9.1609,45.4167
9.1509,45.4167,9.1609,45.4267
9.1509,45.4267,9.1609,45.4367
9.1509,45.4367,9.1609,45.4467
9.1509,45.4467,9.1609,45.4567
9.1509,45.4567,9.1609,45.4667
9.1509,45.4667,9.1609,45.4767
9.1509,45.4767,9.1609,45.4867
9.1509,45.4867,9.1609,45.4967
9.1509,45.4967,9.1609,45.5067
9.1509,45.5067,9.1609,45.5167
9.1509,45.5167,9.1609,45.5267
9.1509,45.5267,9.1609,45.5367
9.1609,45.3967,9.1709,45.4067
9.1609,45.4067,9.1709,45.4167
9.1609,45.4167,9.1709,45.4267
9.1609,45.4267,9.1709,45.4367
9.1609,45.4367,9.1709,45.4467
9.1609,45.4467,9.1709,45.4567
9.1609,45.4567,9.1709,45.4667
9.1609,45.4667,9.1709,45.4767
9.1609,45.4767,9.1709,45.4867
9.1609,45.4867,9.1709,45.4967
9.1609,45.4967,9.1709,45.5067
9.1609,45.5067,9.1709,45.5167
9.1609,45.5167,9.1709,45.5267
9.1609,45.5267,9.1709,45.5367
9.1709,45.3867,9.1809,45.3967
9.1709,45.3967,9.1809,45.4067
9.1709,45.4067,9.1809,45.4167
9.1709,45.4167,9.1809,45.4267
9.1709,45.4267,9.1809,45.4367
9.1709,45.4367,9.1809,45.4467
9.1709,45.4467,9.1809,45.4567
9.1709,45.4567,9.1809,45.4667
9.1709,45.4667,9.1809,45.4767
9.1709,45.4767,9.1809,45.4867
9.1709,45.4867,9.1809,45.4967
9.1709,45.4967,9.1809,45.5067
9.1709,45.5067,9.1809,45.5167
9.1709,45.5167,9.1809,45.5267
9.1709,45.5267,9.1809,45.5367
9.1809,45.3867,9.1909,45.3967
9.1809,45.3967,9.1909,45.4067
9.1809,45.4067,9.1909,45.4167
9.1809,45.4167,9.1909,45.4267
9.1809,45.4267,9.1909,45.4367
9.1809,45.4367,9.1909,45.4467
9.1809,45.4467,9.1909,45.4567
9.1809,45.4567,9.1909,45.4667
9.1809,45.4667,9.1909,45.4767
9.1809,45.4767,9.1909,45.4867
9.1809,45.4867,9.1909,45.4967
9.1809,45.4967,9.1909,45.5067
9.1809,45.5067,9.1909,45.5167
9.1809,45.5167,9.1909,45.5267
9.1809,45.5267,9.1909,45.5367
9.1909,45.3867,9.2009,45.3967
9.1909,45.3967,9.2009,45.4067
9.1909,45.4067,9.2009,45.4167
9.1909,45.4167,9.2009,45.4267
9.1909,45.4267,9.2009,45.4367
9.1909,45.4367,9.2009,45.4467
9.1909,45.4467,9.2009,45.4567
9.1909,45.4567,9.2009,45.4667
9.1909,45.4667,9.2009,45.4767
9.1909,45.4767,9.2009,45.4867
9.1909,45.4867,9.2009,45.4967
9.1909,45.4967,9.2009,45.5067
9.1909,45.5067,9.2009,45.5167
9.1909,45.5167,9.2009,45.5267
9.1909,45.5267,9.2009,45.5367
9.2009,45.3867,9.2109,45.3967
9.2009,45.3967,9.2109,45.4067
9.2009,45.4067,9.2109,45.4167
9.2009,45.4167,9.2109,45.4267
9.2009,45.4267,9.2109,45.4367
9.2009,45.4367,9.2109,45.4467
9.2009,45.4467,9.2109,45.4567
9.2009,45.4567,9.2109,45.4667
9.2009,45.4667,9.2109,45.4767
9.2009,45.4767,9.2109,45.4867
9.2009,45.4867,9.2109,45.4967
9.2009,45.4967,9.2109,45.5067
9.2009,45.5067,9.2109,45.5167
9.2009,45.5167,9.2109,45.5267
9.2009,45.5267,9.2109,45.5367
9.2109,45.3967,9.2209,45.4067
9.2109,45.4067,9.2209,45.4167
9.2109,45.4167,9.2209,45.4267
9.2109,45.4267,9.2209,45.4367
9.2109,45.4367,9.2209,45.4467
9.2109,45.4467,9.2209,45.4567
9.2109,45.4567,9.2209,45.4667
9.2109,45.4667,9.2209,45.4767
9.2109,45.4767,9.2209,45.4867
9.2109,45.4867,9.2209,45.4967
9.2109,45.4967,9.2209,45.5067
9.2109,45.5067,9.2209,45.5167
9.2109,45.5167,9.2209,45.5267
9.2109,45.5267,9.2209,45.5367
9.2209,45.4067,9.2309,45.4167
9.2209,45.4167,9.2309,45.4267
9.2209,45.4267,9.2309,45.4367
9.2209,45.4367,9.2309,45.4467
9.2209,45.4467,9.2309,45.4567
9.2209,45.4567,9.2309,45.4667
9.2209,45.4667,9.2309,45.4767
9.2209,45.4767,9.2309,45.4867
9.2209,45.4867,9.2309,45.4967
9.2209,45.4967,9.2309,45.5067
9.2209,45.5067,9.2309,45.5167
9.2209,45.5167,9.2309,45.5267
9.2309,45.4067,9.2409,45.4167
9.2309,45.4167,9.2409,45.4267
9.2309,45.4267,9.2409,45.4367
9.2309,45.4367,9.2409,45.4467
9.2309,45.4467,9.2409,45.4567
9.2309,45.4567,9.2409,45.4667
9.2309,45.4667,9.2409,45.4767
9.2309,45.4767,9.2409,45.4867
9.2309,45.4867,9.2409,45.4967
9.2309,45.4967,9.2409,45.5067
9.2309,45.5067,9.2409,45.5167
9.2309,45.5167,9.2409,45.5267
9.2409,45.4067,9.2509,45.4167
9.2409,45.4167,9.2509,45.4267
9.2409,45.4267,9.2509,45.4367
9.2409,45.4367,9.2509,45.4467
9.2409,45.4467,9.2509,45.4567
9.2409,45.4567,9.2509,45.4667
9.2409,45.4667,9.2509,45.4767
9.2409,45.4767,9.2509,45.4867
9.2409,45.4867,9.2509,45.4967
9.2409,45.4967,9.2509,45.5067
9.2409,45.5067,9.2509,45.5167
9.2409,45.5167,9.2509,45.5267
9.2509,45.4167,9.2609,45.4267
9.2509,45.4267,9.2609,45.4367
9.2509,45.4367,9.2609,45.4467
9.2509,45.4467,9.2609,45.4567
9.2509,45.4567,9.2609,45.4667
9.2509,45.4667,9.2609,45.4767
9.2509,45.4767,9.2609,45.4867
9.2509,45.4867,9.2609,45.4967
9.2509,45.4967,9.2609,45.5067
9.2509,45.5067,9.2609,45.5167
9.2509,45.5167,9.2609,45.5267
9.2609,45.4267,9.2709,45.4367
9.2609,45.4367,9.2709,45.4467
9.2609,45.4467,9.2709,45.4567
9.2609,45.4567,9.2709,45.4667
9.2609,45.4667,9.2709,45.4767
9.2609,45.4767,9.2709,45.4867
9.2609,45.4867,9.2709,45.4967
9.2609,45.4967,9.2709,45.5067
9.2609,45.5067,9.2709,45.5167
9.2609,45.5167,9.2709,45.5267
9.2709,45.4567,9.2809,45.4667
9.2709,45.4667,9.2809,45.4767
9.2709,45.4967,9.2809,45.5067
9.2709,45.5067,9.2809,45.5167
